{"__class__": "lmfit.ModelResult", "__version__": "1", "model": {"__class__": "Tuple", "value": [{"__class__": "Tuple", "value": [{"__class__": "Tuple", "value": ["linear", {"__class__": "Callable", "__name__": "linear", "pyversion": "3.11", "value": "gASVHwAAAAAAAACMEGxtZml0LmxpbmVzaGFwZXOUjAZsaW5lYXKUk5Qu", "importer": "lmfit.lineshapes"}, "linear", "b_", {"__class__": "List", "value": ["x"]}, {"__class__": "List", "value": ["slope", "intercept"]}, {"__class__": "Dict"}, "raise", {"__class__": "Dict"}]}, null, null]}, {"__class__": "Tuple", "value": [{"__class__": "Tuple", "value": ["voigt", {"__class__": "Callable", "__name__": "voigt", "pyversion": "3.11", "value": "gASVHgAAAAAAAACMEGxtZml0LmxpbmVzaGFwZXOUjAV2b2lndJSTlC4=", "importer": "lmfit.lineshapes"}, "voigt", "v0_", {"__class__": "List", "value": ["x"]}, {"__class__": "List", "value": ["amplitude", "center", "sigma"]}, {"__class__": "Dict", "sigma": {"__class__": "Dict", "min": 0}, "gamma": {"__class__": "Dict", "expr": "v0_sigma"}, "fwhm": {"__class__": "Dict", "expr": "1.0692*v0_gamma+sqrt(0.8664*v0_gamma**2+5.545083*v0_sigma**2)"}, "height": {"__class__": "Dict", "expr": "(v0_amplitude/(max(1e-15, v0_sigma*sqrt(2*pi))))*real(wofz((1j*v0_gamma)/(max(1e-15, v0_sigma*sqrt(2)))))"}}, "raise", {"__class__": "Dict"}]}, null, null]}, "add"]}, "params": [["b_slope", -100.31865112789617, true, null, -Infinity, Infinity, null, 8.176501636595662, {"b_intercept": -0.9998635991633993, "v0_amplitude": -0.8333220352620959, "v0_center": -0.11081566161395846, "v0_sigma": 0.6245233757480909, "v0_gamma": -0.7346093756815454}, 0, null], ["b_intercept", 318.8402463404664, true, null, -Infinity, Infinity, null, 14.686918001699182, {"b_slope": -0.9998635991633993, "v0_amplitude": 0.8275588506185328, "v0_center": 0.11084007648816765, "v0_sigma": -0.6193270391335536, "v0_gamma": 0.7289442381010394}, 50, null], ["v0_amplitude", 12.037172918226789, true, null, 0, Infinity, null, 0.05649230634197377, {"b_slope": -0.8333220352620959, "b_intercept": 0.8275588506185328, "v0_center": 0.09301698306992097, "v0_sigma": -0.8432785607154092, "v0_gamma": 0.9441131207889337}, 5, null], ["v0_center", 1.8813355368704674, true, null, 1.8571210843777692, 1.907121084377769, null, 6.98150644006625e-06, {"b_slope": -0.11081566161395846, "b_intercept": 0.11084007648816765, "v0_amplitude": 0.09301698306992097, "v0_sigma": -0.07106170786916523, "v0_gamma": 0.08290617591027293}, 1.8821210843777691, null], ["v0_sigma", 0.004667701408240349, true, null, 0, 0.025, null, 3.071466403169608e-05, {"b_slope": 0.6245233757480909, "b_intercept": -0.6193270391335536, "v0_amplitude": -0.8432785607154092, "v0_center": -0.07106170786916523, "v0_gamma": -0.9600169180128636}, 0.005, null], ["v0_gamma", 0.001279613503797794, true, null, 0, Infinity, null, 5.604509683129093e-05, {"b_slope": -0.7346093756815454, "b_intercept": 0.7289442381010394, "v0_amplitude": 0.9441131207889337, "v0_center": 0.08290617591027293, "v0_sigma": -0.9600169180128636}, 0.005, null], ["v0_fwhm", 0.012424011710041061, false, "1.0692*v0_gamma+sqrt(0.8664*v0_gamma**2+5.545083*v0_sigma**2)", -Infinity, Infinity, null, 2.0429355889725645e-05, null, 0.01800645319094068, null], ["v0_height", 837.4394265098061, false, "(v0_amplitude/(max(1e-15, v0_sigma*sqrt(2*pi))))*real(wofz((1j*v0_gamma)/(max(1e-15, v0_sigma*sqrt(2)))))", -Infinity, Infinity, null, 1.3385844776636915, null, 208.7092805203677, null]], "unique_symbols": {"betalnfnc": {"__class__": "Callable", "__name__": "betaln", "pyversion": "3.11", "value": "gASVJAAAAAAAAACMFXNjaXB5LnNwZWNpYWwuX3VmdW5jc5SMBmJldGFsbpSTlC4=", "importer": "scipy.special._ufuncs"}, "wofz": {"__class__": "Callable", "__name__": "wofz", "pyversion": "3.11", "value": "gASVIgAAAAAAAACMFXNjaXB5LnNwZWNpYWwuX3VmdW5jc5SMBHdvZnqUk5Qu", "importer": "scipy.special._ufuncs"}, "None": null, "erfc": {"__class__": "Callable", "__name__": "erfc", "pyversion": "3.11", "value": "gASVIgAAAAAAAACMFXNjaXB5LnNwZWNpYWwuX3VmdW5jc5SMBGVyZmOUk5Qu", "importer": "scipy.special._ufuncs"}, "b_slope": -100.31865112789617, "b_intercept": 318.8402463404664, "v0_fwhm": 0.012424011710041061, "v0_height": 837.4394265098061, "loggammafcn": {"__class__": "Callable", "__name__": "loggamma", "pyversion": "3.11", "value": "gASVJgAAAAAAAACMFXNjaXB5LnNwZWNpYWwuX3VmdW5jc5SMCGxvZ2dhbW1hlJOULg==", "importer": "scipy.special._ufuncs"}, "pi": 3.141592653589793, "inf": Infinity, "gamfcn": {"__class__": "Callable", "__name__": "gamma", "pyversion": "3.11", "value": "gASVIwAAAAAAAACMFXNjaXB5LnNwZWNpYWwuX3VmdW5jc5SMBWdhbW1hlJOULg==", "importer": "scipy.special._ufuncs"}, "v0_amplitude": 12.037172918226789, "NAN": NaN, "infty": Infinity, "v0_sigma": 0.004667701408240349, "e": 2.718281828459045, "erf": {"__class__": "Callable", "__name__": "erf", "pyversion": "3.11", "value": "gASVIQAAAAAAAACMFXNjaXB5LnNwZWNpYWwuX3VmdW5jc5SMA2VyZpSTlC4=", "importer": "scipy.special._ufuncs"}, "nan": NaN, "v0_gamma": 0.001279613503797794, "Inf": Infinity, "True": 1, "False": 0, "little_endian": 1, "v0_center": 1.8813355368704674, "newaxis": null}, "aborted": 0, "aic": 25.29817437867254, "best_values": {"__class__": "Dict", "v0_amplitude": 12.037172918226789, "v0_center": 1.8813355368704674, "v0_sigma": 0.004667701408240349, "v0_gamma": 0.001279613503797794, "b_slope": -100.31865112789617, "b_intercept": 318.8402463404664}, "bic": 36.00331218218211, "chisqr": 59.52645703651102, "ci_out": null, "col_deriv": 0, "covar": {"__class__": "NDArray", "__shape__": [6, 6], "__dtype__": "float64", "value": [66.85517901325154, -120.0712290270961, -0.3849193106978052, -6.325834342959431e-06, 0.00015684186425162308, -0.0003366368223858741, -120.0712290270961, 215.7055603886355, 0.6866238164617681, 1.1365188152942984e-05, -0.00027938075111976174, 0.0006000156823186374, -0.3849193106978052, 0.6866238164617681, 0.00319138067583541, 3.668602839684605e-08, -1.463208225206548e-06, 2.9891723931538883e-06, -6.325834342959431e-06, 1.1365188152942984e-05, 3.668602839684605e-08, 4.8741432172686526e-11, -1.5238090660432837e-11, 3.2439462555141155e-11, 0.00015684186425162308, -0.00027938075111976174, -1.463208225206548e-06, -1.5238090660432837e-11, 9.43390586579965e-10, -1.6525791897793583e-09, -0.0003366368223858741, 0.0006000156823186374, 2.9891723931538883e-06, 3.2439462555141155e-11, -1.6525791897793583e-09, 3.141052878828776e-09]}, "errorbars": 1, "flatchain": null, "ier": 1, "init_values": {"__class__": "Dict", "v0_amplitude": 5, "v0_center": 1.8821210843777691, "v0_sigma": 0.005, "v0_gamma": 0.005, "b_slope": 0, "b_intercept": 50}, "lmdif_message": "Both actual and predicted relative reductions in the sum of squares\n  are at most 0.000000", "message": "Fit succeeded.", "method": "leastsq", "nan_policy": "omit", "ndata": 44, "nfev": 89, "nfree": 38, "nvarys": 6, "redchi": 1.566485711487132, "residual": {"__class__": "NDArray", "__shape__": [44], "__dtype__": "float64", "value": [-1.2445689612294188, -0.6435095066614451, -0.3629056838162228, -0.8302531039678058, -0.5310214043641395, -0.09989717775735585, 0.20526845927108184, 0.7682526430231178, 0.9372996742200712, 1.3525397573721136, 1.1978185451647505, 0.8739323907078926, 0.9120418767613501, 0.7942879929933895, 0.7146180505434643, 0.06520976427930236, -0.37998991509104485, -0.14835551516651435, 0.16165999192290315, 0.26958570268917015, 0.5438244083752011, 0.9362940747726327, 0.5160138862514998, 0.12540571920013122, -0.15076437682978394, -0.308533029868272, -0.5730734273545295, -0.9475166859661215, -0.9641500485972472, -1.1862528057021677, -1.683426538385703, -1.6589455805881528, -1.6465988411933097, -1.6384775492742278, -0.6319313816776173, 0.14123254182470646, -2.1210209136759204, 3.0546801349146335, -1.1942516065970494, -1.4822865074600031, 1.6394375826375835, 0.42839811779907677, 1.985031774701099, 2.804897438388167]}, "rsquared": 0.9999631582344464, "scale_covar": 1, "calc_covar": 1, "success": 1, "userargs": {"__class__": "Tuple", "value": [{"__class__": "NDArray", "__shape__": [44], "__dtype__": "float64", "value": [144.66683959960935, 143.73715209960935, 143.12930297851562, 143.2709503173828, 142.6477508544922, 141.8946075439453, 141.26962280273435, 140.38931274414062, 139.90577697753906, 139.17929077148435, 139.0264892578125, 139.04714965820312, 138.71080017089844, 138.5361328125, 138.33021545410156, 138.70211791992188, 138.8794403076172, 138.39149475097656, 137.8391876220703, 137.50613403320312, 137.02801513671875, 136.4582977294922, 136.7351837158203, 137.026123046875, 137.26014709472656, 137.4530792236328, 137.85934448242188, 138.5269317626953, 139.0601043701172, 140.14454650878906, 142.0753173828125, 144.5265350341797, 149.2725830078125, 160.8306427001953, 196.3888397216797, 309.2984924316406, 562.6832275390625, 863.0660400390626, 959.1565551757811, 735.7651977539062, 425.1946105957031, 240.3900909423828, 168.70748901367188, 146.02891540527344]}, null]}, "userkws": {"__class__": "Dict", "x": {"__class__": "NDArray", "__shape__": [44], "__dtype__": "float64", "value": [1.7515189227200787, 1.7549559041028227, 1.7583928811342189, 1.7618298538057464, 1.7652668221088827, 1.7687037860351071, 1.7721407455758968, 1.7755777007227302, 1.7790146514670855, 1.7824515978004407, 1.7858885397142743, 1.789325477200065, 1.7927624102492905, 1.7961993388534283, 1.7996362630039586, 1.803073182692358, 1.8065100979101048, 1.8099470086486793, 1.8133839148995567, 1.8168208166542177, 1.82025771390414, 1.8236946066408015, 1.8271314948556816, 1.8305683785402571, 1.834005257686008, 1.8374421322844117, 1.8408790023269463, 1.8443158678050908, 1.847752728710324, 1.851189585034124, 1.8546264367679683, 1.8580632839033373, 1.8615001264317077, 1.8649369643445584, 1.8683737976333687, 1.871810626289616, 1.87524745030478, 1.8786842696703376, 1.8821210843777691, 1.885557894418552, 1.888994699784165, 1.8924315004660863, 1.895868296455796, 1.8993050877447712]}}, "values": {"__class__": "Dict", "b_slope": -100.31865112789617, "b_intercept": 318.8402463404664, "v0_amplitude": 12.037172918226789, "v0_center": 1.8813355368704674, "v0_sigma": 0.004667701408240349, "v0_gamma": 0.001279613503797794, "v0_fwhm": 0.012424011710041061, "v0_height": 837.4394265098061}, "var_names": {"__class__": "List", "value": ["b_slope", "b_intercept", "v0_amplitude", "v0_center", "v0_sigma", "v0_gamma"]}, "weights": null, "user_options": null}